[gd_scene load_steps=5 format=3 uid="uid://dijm0bf7jg2tf"]

[ext_resource type="PackedScene" uid="uid://bcx41l64n5b10" path="res://player_car/scenes/moodybody.tscn" id="1_3mqe7"]
[ext_resource type="PackedScene" uid="uid://dcvx4nr2dm23t" path="res://player_car/scenes/moodyLwheel.tscn" id="2_ym8s7"]
[ext_resource type="PackedScene" uid="uid://dn2m7mr36g823" path="res://player_car/scenes/moodyRwheel.tscn" id="3_w2qlp"]
[ext_resource type="Script" path="res://levels/main_menu/prop_camera_arm.gd" id="4_eaefg"]

[node name="moodyprop" type="Node3D"]

[node name="moodybody" parent="." instance=ExtResource("1_3mqe7")]
transform = Transform3D(-1, 0, -8.74228e-08, 0, 1, 0, 8.74228e-08, 0, -1, 0, 0, 0)

[node name="equinoxrLFwheel" parent="moodybody" instance=ExtResource("2_ym8s7")]
transform = Transform3D(0.817145, 0, -0.576432, 0, 1, 0, 0.576432, 0, 0.817145, -0.67365, 0, 1.56742)

[node name="equinoxrLFwheel2" parent="moodybody" instance=ExtResource("2_ym8s7")]
transform = Transform3D(1, 0, 0, 0, 1, 0, 0, 0, 1, -0.67365, 0, -1.43363)

[node name="equinoxrRFwheel" parent="moodybody" instance=ExtResource("3_w2qlp")]
transform = Transform3D(0.817145, 0, -0.576432, 0, 1, 0, 0.576432, 0, 0.817145, 0.707925, 0, 1.5731)

[node name="equinoxrRFwheel2" parent="moodybody" instance=ExtResource("3_w2qlp")]
transform = Transform3D(1, 0, 0, 0, 1, 0, 0, 0, 1, 0.707926, 0, -1.42816)

[node name="SpotLight3D" type="SpotLight3D" parent="moodybody"]
transform = Transform3D(1, -7.64274e-15, 1.74846e-07, 7.64274e-15, -1, -8.74228e-08, 1.74846e-07, 8.74228e-08, -1, -0.556345, 0.716829, 2.28446)
light_energy = 15.0
shadow_enabled = true
spot_range = 50.0

[node name="OmniLight3D" type="OmniLight3D" parent="moodybody/SpotLight3D"]

[node name="SpotLight3D2" type="SpotLight3D" parent="moodybody"]
transform = Transform3D(1, -7.64274e-15, 1.74846e-07, 7.64274e-15, -1, -8.74228e-08, 1.74846e-07, 8.74228e-08, -1, 0.583093, 0.716829, 2.28446)
light_energy = 15.0
shadow_enabled = true
spot_range = 50.0

[node name="OmniLight3D" type="OmniLight3D" parent="moodybody/SpotLight3D2"]

[node name="OmniLight3D" type="OmniLight3D" parent="moodybody"]
transform = Transform3D(1, 0, 0, 0, 1, 0, 0, 0, 1, 0.756416, 0.987585, -2.17531)
light_color = Color(1, 0, 0, 1)
light_energy = 0.5

[node name="OmniLight3D2" type="OmniLight3D" parent="moodybody"]
transform = Transform3D(1, 0, 0, 0, 1, 0, 0, 0, 1, -0.741436, 0.987585, -2.17531)
light_color = Color(1, 0, 0, 1)
light_energy = 0.5

[node name="SpringArm3D" type="SpringArm3D" parent="."]
transform = Transform3D(-0.978217, 0.0810674, -0.191103, 0, 0.920594, 0.390522, 0.207587, 0.382015, -0.90054, 0, 0, 0)
spring_length = 12.0
script = ExtResource("4_eaefg")

[node name="Camera3D" type="Camera3D" parent="SpringArm3D"]
